330000000100000000000000000000000000001110000000000000000000
330000000000011111000001100000110000000000000011000000000000
110000000000000000000000000000000000000000000001110000000000
000000000000000000000000000000000000000000000000000000000000
000000000000000000000000000000000000000000000000000000111000
000000000000000000000000000000000000000000000000000000000000
000000000000000000000000000000000000000000000000000000000900
100000001111111111111111111122222111222212222210000000111111
100000000000000111111111111111111111111111111111111111111111
100000000000000000001111222222222222222222222222222222222222
111110000000000000000000000000000000000000000000000000000001
100011111000000000000000000000000000000000000000000000000001
100011111111111111111111111111111111111111111111111111000001
100000000000000000001000000000000000000000000000000000000001
100000000000000000000000000000000000000000000000000000000001
100000000000000001000000000000000000000000000000000000000001
111111111100011111111111111111111111111111111111111111111111
111111111100011111111111111111111111111111111111111111111111