                                                                                                                                                         1     1      111     1     11          11
                      5                                                         44444444   4445              5          444    4554                                                         88    
                                                                                                                                                                                           888    
                                                                                                                                                                                          8888    
                                                                                                                                                                                         88888    
                5   45454                     7          7                   454              4     44    5  5  5    4          44       8  8          88  8           4454             888888    
                                      7       6          6                                                                              88  88        888  88                          8888888    
                            7         6       6          6                                                                             888  888      8888  888     7               7  88888888    
                            6         6       6          6                                  9                                         8888  8888    88888  8888    6               6 888888888    
111111111111111111111111111111111111111111111111111111111111111111111  111111111111111   1111111111111111111111111111111111111111111111111111111111111111  11111111111111111111111111111111111    
111111111111111111111111111111111111111111111111111111111111111111111  111111111111111   1111111111111111111111111111111111111111111111111111111111111111  11111111111111111111111111111111111    