000000000003333333333
000000000003333333333
000000008001111111111
100000000001000000000
000000000001000000000
000000900001001100090
000000800001000100088
000000000001000100008
100000000001100100008
000000000000000100088
000002000000000100008
000010100001001100008
000000000000000000088
000000000000000000008
000000000000000000008
000000000000000009088
000000000880080008888
000800000080000000000
000000000000000000000
000000000000000000000
000000000000000000000
100000000000700000000
000000000000600000000
000700000001111000090
000600000000000000088
000880000000000000000
000000000000000000000
000000000000001110000
000000000000000000000
000000001110000000000
000000000000000000000
111100000000000000000
111133333333333333333