000000000G00000000000000000000000600000000
000000000000000070008000000000000600000000
000000000000000060000000008200008600000000
900000000000000011000000000000000600000000
880000000000000000000000000000000600000000
000000000000000000000000000002800600000000
000000000000000000000000000000000600000000
000000000000000000000000000000000600000000
000000000000000000000000000000090600000000
000000300003000070000008008000088600000000
000000000000000060000000000000000600000000
111001110011100111100000000000000600000000
111222222222222222222222222222222600000000